[general]
step = 10
takeoffdistance = 245

[mesh]
stratchrow = 2
roffset = 0
rmax = 700
radd = 20
vmin = 20
vmax = 75
vadd = 5

[combustion]
pmax = 63193.10000000001
fuel = 30.745538216710276
pice = 63204.5
pbat = 0.0
cbat = 1.0

[serialHybrid]
pmax = 81597.49999999997
cbat = 624.826898993
fuel = 36.23410020039349
pice = 63193.1
pbat = 32027.670904523147

[parallelHybrid]
pmax = 63902.8
cbat = 5.18958100661
fuel = 30.787152379523075
pice = 63193.1
pbat = 846.6404105501781

[output]
distance = 648345.045035194
flighttime = 3:29:10
c_serialhybrid = -51.2359313115, 8.35481632661e-15
c_parallelhybrid = -163.211335833, 0.0

