[general]
step = 5
takeoffdistance = 250
mpl = 160

[combustion]
pmax = 69519.09999999995
fuel = 4.66008777205722
pice = 69519.1
pbat = 0.0
cbat = 0.0

[serialHybrid]
pmax = nan
cbat = nan
fuel = nan
pice = nan
pbat = nan

[parallelHybrid]
pmax = 90784.29999999996
cbat = 15283.080969470417
fuel = 1.8029146882437697
pice = 6620.0
pbat = 100446.71201814058

[output]
distance = 59052.36899519738
flighttime = 0:34:00
c_parallelhybrid = -6.5784878974689045, 0.0
c_serialhybrid = -6.639656145325904, 1.1197069669337074

