[general]
step = 60
takeoffdistance = 245
mpl = 110.

[combustion]
pmax = 66879.49999999997
fuel = 49.05882853744288
popt = 26050.1250892
pice = 66853.6
cbat = 1.0
pbat = 0.0

[serialHybrid]
pmax = nan
popt = 25692.0
cbat = nan
fuel = nan
pice = nan
pbat = nan

[parallelHybrid]
pmax = 68640.39999999997
popt = 21786.0
cbat = 61.8087275195
fuel = 48.963406269435836
pice = 60070.0
pbat = 10219.954648526054

[output]
distance = nan
flighttime = 11:50:00
c_serialhybrid = -34.37766297, 1.59525619137e-15
c_parallelhybrid = -165.485176995, 0.0

