[general]
step = 10
takeoffdistance = 245

[mesh]
stratchrow = 2
roffset = 650
rmax = 700
radd = 50
vmin = 20
vmax = 75
vadd = 5

[combustion]
pmax = 79356.16675020041
fuel = 86.50096615028254
pice = 79355.681299
pbat = 0.0
cbat = 1.0

[serialHybrid]
pmax = nan
cbat = nan
fuel = nan
pice = nan
pbat = nan

[parallelHybrid]
pmax = 92846.59999999998
cbat = 28423.611198
fuel = 79.22957739356661
pice = 70435.0
pbat = 26740.541830767317

[output]
distance = 753293.6985649909
flighttime = 2:44:43
c_serialhybrid = -2.11175270389, 0.155677379792
c_parallelhybrid = -0.941025556728, 0.0

