[general]
step = 10
takeoffdistance = 245

[mesh]
stratchrow = 2
roffset = 0
rmax = 700
radd = 20
vmin = 20
vmax = 75
vadd = 5

[combustion]
pmax = 62512.600000000006
fuel = 27.236195095585874
pice = 62486.5
pbat = 0.0
cbat = 1.0

[serialHybrid]
pmax = 79924.9
cbat = 625.423284483
fuel = 30.95014881357838
pice = 62512.6
pbat = 30730.178197159526

[parallelHybrid]
pmax = 63433.9
cbat = 20.7525769542
fuel = 26.997359879330514
pice = 60600.0
pbat = 3380.952380952383

[output]
distance = 648329.2988006059
flighttime = 3:51:23
c_serialhybrid = -49.120887176, 8.34684941628e-15
c_parallelhybrid = -162.974740355, 0.0

