[general]
step = 60
takeoffdistance = 245

[mesh]
stratchrow = 2
roffset = 740
rmax = 1000
radd = 20
vmin = 20
vmax = 75
vadd = 5

[combustion]
pmax = 64252.20000000001
fuel = 36.25734558216542
pice = 64230.3
pbat = 0.0
cbat = 1.0

[serialHybrid]
pmax = 83369.0
cbat = 735.85476345
fuel = 41.696612478664065
pice = 64252.0
pbat = 33051.404974340614

[parallelHybrid]
pmax = 64445.9
cbat = 5.3868082418
fuel = 33.55661102411462
pice = 63708.0
pbat = 881.0120539443901

[output]
distance = 983853.7165732181
flighttime = 6:32:20
c_serialhybrid = -44.8898758337, 4.72947854777e-15
c_parallelhybrid = -163.483453738, 0.0

