[general]
step = 30
takeoffdistance = 345

[combustion]
pmax = 49811.78113552456
fuel = 43.11466357707271
popt = 26499.6474673
pice = 49812.0710141
pbat = 0.0
cbat = 1.0

[serialHybrid]
pmax = 56461.0
popt = 27958.0
cbat = 9692.94165444
fuel = 47.91387628049127
pice = 47997.0
pbat = 17750.17577634568

[parallelHybrid]
pmax = 50740.30000000001
popt = 26462.0
cbat = 11449.6724605
fuel = 41.85869809230204
pice = 41139.0
pbat = 11448.86024585271

[output]
distance = 1488470.557957243
flighttime = 6:15:00
c_serialhybrid = -1.82954841397, 1.95480453328e-16
c_parallelhybrid = -1.00079421504, 0.0

