[general]
step = 10
takeoffdistance = 245

[mesh]
stratchrow = 2
roffset = 0
rmax = 700
radd = 20
vmin = 20
vmax = 75
vadd = 5

[combustion]
pmax = 60563.10000000001
fuel = 16.870264651917296
pice = 60552.7
pbat = 0.0
cbat = 1.0

[serialHybrid]
pmax = 76633.0
cbat = 673.336336171
fuel = 19.309633360500055
pice = 60563.0
pbat = 28823.073823845287

[parallelHybrid]
pmax = 61251.9
cbat = 5.07899959956
fuel = 16.906158818104057
pice = 60563.1
pbat = 821.816445876586

[output]
distance = 438395.25052697316
flighttime = 2:55:50
c_serialhybrid = -42.7859711233, 8.44205426133e-15
c_parallelhybrid = -161.853751261, 0.0

