[general]
step = 1
takeoffdistance = 260
mpl = 160

[combustion]
pmax = 66044.69999999998
fuel = 4.678003746036363
rev = False
popt = 24170.3717924
pice = 66036.5
cbat = 1.0
pbat = 0.0

[serialHybrid]
pmax = 83926.59999999998
popt = 0.0
cbat = 16700.2575655
rev = False
fuel = 0.0
pice = 0.0
pbat = 100084.37761069338

[parallelHybrid]
pmax = 86747.49999999997
popt = 0.0
cbat = 16994.5530283
rev = False
fuel = 0.0
pice = 0.0
pbat = 103480.12889366272

[output]
distance = 44497.26629402441
flighttime = 0:25:30
c_serialhybrid = -5.99769352187, 0.0
c_parallelhybrid = -6.09193176807, 0.0

