[general]
step = 10
takeoffdistance = 245

[mesh]
stratchrow = 2
roffset = 550
rmax = 1000
radd = 50
vmin = 20
vmax = 75
vadd = 5

[combustion]
pmax = 82418.0
fuel = 119.39901237111872
pice = 82464.0
pbat = 0.0
cbat = 1.0

[serialHybrid]
pmax = nan
cbat = nan
fuel = nan
pice = nan
pbat = nan

[parallelHybrid]
pmax = 83455.0
cbat = 7.20020353855
fuel = 119.49805443057978
pice = 82418.0
pbat = 1238.6919680152694

[output]
distance = 1068218.3903273223
flighttime = 3:51:23
c_serialhybrid = -64.9813505954, 9.37371628568e-15
c_parallelhybrid = -171.886509532, 0.0

