[general]
step = 5
takeoffdistance = 250
mpl = 160

[combustion]
pmax = 70430.49999999997
fuel = 9.063185122469955
pice = 70430.5
pbat = 0.0
cbat = 0.0

[serialHybrid]
pmax = nan
cbat = nan
fuel = nan
pice = nan
pbat = nan

[parallelHybrid]
pmax = 71471.79999999999
cbat = 0.0
fuel = 9.126375822118613
pice = 70430.5
pbat = 1118.4747583243857

[output]
distance = 80560.79845117264
flighttime = 0:42:50
c_parallelhybrid = -3.9637690855289316, 0.0

