[general]
step = 10
takeoffdistance = 245

[mesh]
stratchrow = 2
roffset = 0
rmax = 700
radd = 20
vmin = 20
vmax = 75
vadd = 5

[combustion]
pmax = 62283.10000000001
fuel = 25.99475537769361
pice = 62289.0
pbat = 0.0
cbat = 1.0

[serialHybrid]
pmax = 79813.19999999995
cbat = 639.717180147
fuel = 30.591596859588815
pice = 62283.0
pbat = 30834.85456140353

[parallelHybrid]
pmax = 62983.8
cbat = 5.13841134912
fuel = 26.029894019476313
pice = 62283.1
pbat = 835.8992719894994

[output]
distance = 543370.1477810836
flighttime = 2:55:50
c_serialhybrid = -48.1862087361, 8.16034669542e-15
c_parallelhybrid = -162.746275672, 0.0

