[general]
step = 60
takeoffdistance = 245

[mesh]
stratchrow = 2
roffset = 0
rmax = 600
radd = 20
vmin = 15
vmax = 75
vadd = 10

[combustion]
pmax = 61555.9
fuel = 22.254678850406588
pice = 61555.9
pbat = 0.0
cbat = 0.0

[serialHybrid]
pmax = 78563.59999999998
cbat = 790.5583168928353
fuel = 25.831242082520475
pice = 61555.9
pbat = 30086.342714046998

[parallelHybrid]
pmax = 62358.9
cbat = 0.0
fuel = 22.324413191330525
pice = 61555.9
pbat = 862.513426423201

[output]
distance = 647902.5528908885
flighttime = 4:54:42
c_serialhybrid = -38.04258946738665, 2.2011085353494652e-15
c_parallelhybrid = -17.465298417874067, 0.0

