[general]
step = 10
takeoffdistance = 245

[mesh]
stratchrow = 2
roffset = 650
rmax = 700
radd = 50
vmin = 20
vmax = 75
vadd = 5

[combustion]
pmax = 79354.74374662165
fuel = 86.10715369238066
pice = 79354.4806168
pbat = 0.0
cbat = 1.0

[serialHybrid]
pmax = nan
cbat = nan
fuel = nan
pice = nan
pbat = nan

[parallelHybrid]
pmax = 92841.49999999997
cbat = 15438.208055
fuel = 81.50354794632115
pice = 74615.0
pbat = 21742.928750447558

[output]
distance = 753293.6985649909
flighttime = 2:44:43
c_serialhybrid = -63.7357397119, 1.83868454727e-14
c_parallelhybrid = -1.40901040442, 0.0

