[general]
step = 5
takeoffdistance = 250
mpl = 160

[combustion]
pmax = 72023.0
fuel = 16.174018251022517
popt = 26256.8884661
pice = 72023.0
pbat = 0.0
cbat = 0.0

[serialHybrid]
pmax = nan
popt = 30909.0
cbat = nan
fuel = nan
pice = nan
pbat = nan

[parallelHybrid]
pmax = 72966.9
popt = 16112.0
cbat = 0.0
fuel = 16.28119861903163
pice = 72023.0
pbat = 1013.8560687432963

[output]
distance = 145009.43721211073
flighttime = 1:16:50
c_parallelhybrid = -161.920661434, 0.0

