[general]
step = 10
takeoffdistance = 245

[mesh]
stratchrow = 2
roffset = 0
rmax = 700
radd = 20
vmin = 20
vmax = 75
vadd = 5

[combustion]
pmax = 61985.20000000001
fuel = 24.45455840874835
pice = 61969.9
pbat = 0.0
cbat = 1.0

[serialHybrid]
pmax = 79102.19999999995
cbat = 640.177199111
fuel = 28.075638800170964
pice = 61985.0
pbat = 30304.713468194263

[parallelHybrid]
pmax = 62692.600000000006
cbat = 5.19228450699
fuel = 24.504592822042316
pice = 61985.2
pbat = 843.8954529180074

[output]
distance = 648345.045035194
flighttime = 4:19:10
c_serialhybrid = -47.307620632, 8.15448282797e-15
c_parallelhybrid = -162.597694663, 0.0

