[general]
step = 10
takeoffdistance = 245

[mesh]
stratchrow = 2
roffset = 0
rmax = 700
radd = 20
vmin = 20
vmax = 75
vadd = 5

[combustion]
pmax = 79356.16675020041
fuel = 86.50096615028254
pice = 79355.681299
pbat = 0.0
cbat = 1.0

[serialHybrid]
pmax = nan
cbat = nan
fuel = nan
pice = nan
pbat = nan

[parallelHybrid]
pmax = 92844.59999999998
cbat = 15150.2079198
fuel = 82.89538368387987
pice = 74705.0
pbat = 21640.17185821692

[output]
distance = 753293.6985649909
flighttime = 2:44:43
c_serialhybrid = -64.9062838989, 1.84804369258e-14
c_parallelhybrid = -1.4289496375, 0.0

