[general]
step = 60
takeoffdistance = 245

[combustion]
pmax = 81677.59999999998
fuel = 116.42115339725008
popt = 29970.8214031
pice = 81632.0
pbat = 0.0
cbat = 1.0

[serialHybrid]
pmax = nan
popt = nan
cbat = nan
fuel = nan
pice = nan
pbat = nan

[parallelHybrid]
pmax = 82583.59999999998
popt = 29970.8214031
cbat = 6.30210954156
fuel = 116.4775078866566
pice = 81677.6
pbat = 1080.7972311731262

[output]
distance = 1593412.2258007284
flighttime = 6:25:45
c_parallelhybrid = -171.573440287, 0.0

