[general]
step = 60
takeoffdistance = 260

[combustion]
pmax = 94993.0115713002
fuel = 6.069827669150072
popt = 35646.9241493
pice = 94993.0115713
pbat = 0.0
cbat = 0.0

[serialHybrid]
pmax = 96999.12069343824
popt = 0.0
cbat = 22677.327231794592
fuel = 0.0
pice = 0.0
pbat = 115764.55507034043

[parallelHybrid]
pmax = 97000.18141303753
popt = 0.0
cbat = 22689.479039818987
fuel = 0.0
pice = 0.0
pbat = 115765.82099658374

[output]
distance = 110057.56628770646
flighttime = 0:31:50
c_serialhybrid = -5.1078947572611355, 0.0
c_parallelhybrid = -5.105218260654236, 0.0

