[general]
step = 1
takeoffdistance = 260

[combustion]
pmax = 95501.56649621317
fuel = 20.33297987994274
pice = 95503.9936789
pbat = 0.0
cbat = 1.0

[serialHybrid]
pmax = 97551.40200328271
cbat = 1356.92774947
fuel = 22.95564190099276
pice = 95501.5664962
pbat = 17633.87688933576

[parallelHybrid]
pmax = 95620.0199755095
cbat = 5.27151162648
fuel = 20.272569713733446
pice = 95355.0
pbat = 316.4432463964947

[output]
distance = 342344.6281444651
flighttime = 1:45:00
c_serialhybrid = -12.9945133359, 1.02590851115e-14
c_parallelhybrid = -60.0, 0.0

